8
1 36
1 65
2 65
1 75
1 62
1 42
1 58
2 75
10
1 84
1 59
1 51
2 51
1 41
1 59
2 59
1 70
1 67
2 67
10
1 24
1 37
1 87
1 25
1 74
1 9
2 87
1 64
1 49
2 74
7
1 84
1 36
1 61
1 4
2 4
1 61
2 61
8
1 76
1 83
1 22
1 11
1 8
1 48
2 83
1 90
9
1 1
2 1
1 36
1 85
1 4
2 4
1 51
1 15
2 15
9
1 64
1 85
1 33
1 34
1 58
1 70
2 85
2 69
2 64
9
1 72
1 20
2 72
2 20
1 89
1 60
1 39
2 89
1 77
5
1 63
2 63
1 57
1 66
1 73
2
1 49
2 49
10
1 48
1 90
1 81
2 48
1 42
2 90
2 81
2 42
1 44
1 63
7
1 88
1 63
2 88
1 90
2 63
1 73
1 15
3
1 86
1 64
2 86
7
1 38
1 68
1 14
2 38
1 27
1 83
2 68
