6
10
8 2 3 4 5 6 7 100 9 10
16
200 10 4 2 34 56 76 87 98 123 234 456 500 323 1 212
4
100 232 1 45
5
12 32 1 3 4
10
100 8 10 12 54 1 2 145 500 452
100
100 81 82 83 84 85 86 87 88 89 90 11 12 13 14 15 16 17 18 19 20 31 32 33 34 35 36 37 38 39 40 41 42 43 44 45 46 47 48 49 50 51 52 53 54 55 56 57 58 59 60 111 112 113 114 115 116 117 118 119 120 121 122 123 124 125 126 127 128 129 130 131 132 133 134 135 136 137 138 139 140 141 142 143 144 145 146 147 148 149 150 201 202 203 204 205 206 207 208 209 210
