6
5 3 6 2 1 4
2 3 5 6 4 1
14
14 11 3 10 9 1 5 6 8 7 12 2 13 4
4 3 10 14 11 7 8 2 5 9 6 13 1 12
19
1 9 16 3 7 13 8 12 18 5 19 17 10 14 11 6 15 2 4
5 8 13 3 9 18 17 12 14 4 19 11 2 16 6 7 15 10 1
16
3 10 6 13 11 7 9 5 2 12 1 16 14 15 4 8
1 8 2 5 15 9 7 6 3 11 16 13 12 4 10 14
24
1 18 15 4 21 13 10 22 16 3 24 6 12 14 20 19 2 7 17 5 8 9 23 11
12 20 15 8 24 21 5 23 2 19 1 3 13 14 16 10 6 17 9 18 11 7 4 22
3
2 3 1
3 1 2
21
1 16 18 2 14 3 4 6 8 21 5 20 17 11 10 7 12 9 13 15 19
7 8 9 13 19 17 14 16 5 21 2 18 15 11 20 3 10 6 1 12 4
7
6 5 3 7 4 1 2
2 3 5 1 7 6 4
4
3 1 2 4
4 3 1 2
14
1 12 5 11 6 4 8 7 2 9 14 13 10 3
3 4 11 12 6 10 13 8 2 9 7 1 5 14
22
19 21 4 1 13 14 11 7 6 18 15 3 8 16 5 12 10 22 17 2 20 9
10 14 12 9 3 7 13 15 11 6 4 16 19 5 21 17 18 22 8 1 20 2
7
1 3 5 4 6 7 2
5 6 2 3 7 4 1
23
14 11 18 23 3 7 9 6 22 21 5 10 17 15 20 19 12 1 13 16 8 2 4
17 2 3 18 15 5 4 9 21 12 13 16 10 22 11 6 20 1 14 23 8 7 19
13
10 4 9 3 6 8 5 11 12 7 1 2 13
11 3 10 13 2 5 7 8 1 12 4 9 6
12
7 5 6 10 2 8 3 1 9 4 12 11
1 9 2 6 12 5 8 7 10 11 3 4
9
5 7 8 1 4 6 2 3 9
5 1 2 9 3 4 8 6 7
16
9 2 14 4 11 16 10 13 6 8 15 5 7 3 1 12
10 4 6 15 14 12 7 11 2 13 9 16 1 8 3 5
16
6 12 7 16 15 11 14 2 10 13 1 4 8 3 9 5
11 14 15 3 2 12 16 8 9 7 10 6 1 13 4 5
14
3 6 11 12 14 2 1 10 9 5 7 8 13 4
10 2 12 9 11 5 13 1 4 6 8 14 3 7
21
8 21 2 3 13 14 5 17 7 12 15 18 10 1 9 6 16 4 20 11 19
2 16 18 11 6 14 15 10 21 17 12 13 3 5 8 7 19 4 1 9 20
14
9 8 2 12 14 5 4 1 7 10 13 3 6 11
4 14 5 11 2 10 12 6 9 7 3 1 8 13
8
4 8 3 1 5 2 7 6
2 6 8 7 5 4 1 3
17
14 8 6 5 16 17 3 2 13 10 4 1 15 7 9 11 12
17 3 1 7 11 2 5 4 12 9 15 6 8 13 16 10 14
