10
-4990 8195 8163 5116 2367 1668 94 -468 -3934 -4363
2
-10000 -9999
2
9999 10000
2
-10000 10000
5
-10000 -4821 227 -1900 5679

10
-3797 -1317 -557 3680 4597 6205 7977 8044 9656 -7986
16
-9978 -9720 -5122 -4790 -2024 -460 -128 974 3363 4394 6101 6497 7307 7352 8261 9333
13
-8392 -7819 -6179 -5228 -3599 -1041 159 1025 1350 6064 7410 8657 9351
17
9277 6290 3133 2256 2064 1926 1752 1513 949 806 -469 -1100 -2302 -4194 -6212 -6266 -8204
18
9926 8996 8468 8462 7964 7901 7536 6990 6850 6233 4106 3205 1796 1594 812 -989 -2174 -4488
0
